<?xml version="1.0" encoding="utf-8" standalone="no"?>
<!DOCTYPE svg PUBLIC "-//W3C//DTD SVG 1.1//EN"
  "http://www.w3.org/Graphics/SVG/1.1/DTD/svg11.dtd">
<svg xmlns:xlink="http://www.w3.org/1999/xlink" width="389.548938pt" height="397.098125pt" viewBox="0 0 389.548938 397.098125" xmlns="http://www.w3.org/2000/svg" version="1.1">
 <metadata>
  <rdf:RDF xmlns:dc="http://purl.org/dc/elements/1.1/" xmlns:cc="http://creativecommons.org/ns#" xmlns:rdf="http://www.w3.org/1999/02/22-rdf-syntax-ns#">
   <cc:Work>
    <dc:type rdf:resource="http://purl.org/dc/dcmitype/StillImage"/>
    <dc:format>image/svg+xml</dc:format>
    <dc:creator>
     <cc:Agent>
      <dc:title>Matplotlib v3.11.1, https://matplotlib.org/</dc:title>
     </cc:Agent>
    </dc:creator>
   </cc:Work>
  </rdf:RDF>
 </metadata>
 <defs>
  <style type="text/css">*{stroke-linejoin: round; stroke-linecap: butt}</style>
 </defs>
 <g id="figure_1">
  <g id="patch_1">
   <path d="M 0 397.098125 
L 389.548938 397.098125 
L 389.548938 0 
L 0 0 
z
"/>
  </g>
  <g id="axes_1">
   <g id="patch_2">
    <path d="M 362.198363 206.108125 
C 362.198363 184.267183 357.896173 162.638616 349.538006 142.460217 
C 341.17984 122.281817 328.928241 103.946004 313.484362 88.502125 
C 298.040484 73.058247 279.704671 60.806648 259.526271 52.448481 
C 239.347871 44.090314 217.719305 39.788125 195.878363 39.788125 
C 174.03742 39.788125 152.408854 44.090314 132.230454 52.448481 
C 112.052054 60.806648 93.716241 73.058247 78.272363 88.502125 
C 62.828484 103.946004 50.576885 122.281817 42.218719 142.460217 
C 33.860552 162.638616 29.558363 184.267183 29.558363 206.108125 
C 29.558363 227.949067 33.860552 249.577634 42.218719 269.756033 
C 50.576885 289.934433 62.828484 308.270246 78.272363 323.714125 
C 93.716241 339.158003 112.052054 351.409602 132.230454 359.767769 
C 152.408854 368.125936 174.03742 372.428125 195.878363 372.428125 
C 217.719305 372.428125 239.347871 368.125936 259.526271 359.767769 
C 279.704671 351.409602 298.040484 339.158003 313.484362 323.714125 
C 328.928241 308.270246 341.17984 289.934433 349.538006 269.756033 
C 357.896173 249.577634 362.198363 227.949067 362.198363 206.108125 
M 195.878363 206.108125 
C 195.878363 206.108125 195.878363 206.108125 195.878363 206.108125 
C 195.878363 206.108125 195.878363 206.108125 195.878363 206.108125 
C 195.878363 206.108125 195.878363 206.108125 195.878363 206.108125 
C 195.878363 206.108125 195.878363 206.108125 195.878363 206.108125 
C 195.878363 206.108125 195.878363 206.108125 195.878363 206.108125 
C 195.878363 206.108125 195.878363 206.108125 195.878363 206.108125 
C 195.878363 206.108125 195.878363 206.108125 195.878363 206.108125 
C 195.878363 206.108125 195.878363 206.108125 195.878363 206.108125 
C 195.878363 206.108125 195.878363 206.108125 195.878363 206.108125 
C 195.878363 206.108125 195.878363 206.108125 195.878363 206.108125 
C 195.878363 206.108125 195.878363 206.108125 195.878363 206.108125 
C 195.878363 206.108125 195.878363 206.108125 195.878363 206.108125 
C 195.878363 206.108125 195.878363 206.108125 195.878363 206.108125 
C 195.878363 206.108125 195.878363 206.108125 195.878363 206.108125 
C 195.878363 206.108125 195.878363 206.108125 195.878363 206.108125 
C 195.878363 206.108125 195.878363 206.108125 195.878363 206.108125 
z
"/>
   </g>
   <g id="matplotlib.axis_1">
    <g id="xtick_1">
     <g id="line2d_1">
      <path d="M 195.878363 206.108125 
L 195.878363 39.788125 
" clip-path="url(#p73c5d50bfb)" style="fill: none; stroke-dasharray: 0.4,0.66; stroke-dashoffset: 0; stroke: #ffffff; stroke-opacity: 0.7; stroke-width: 0.4"/>
     </g>
     <g id="text_1">
      <text style="font-size: 6.94px; font-family: sans-serif; text-anchor: middle; fill: #ffffff" x="195.878363" y="27.590898" transform="rotate(-0 195.878363 27.590898)">0°</text>
     </g>
    </g>
    <g id="xtick_2">
     <g id="line2d_2">
      <path d="M 195.878363 206.108125 
L 313.484362 88.502125 
" clip-path="url(#p73c5d50bfb)" style="fill: none; stroke-dasharray: 0.4,0.66; stroke-dashoffset: 0; stroke: #ffffff; stroke-opacity: 0.7; stroke-width: 0.4"/>
     </g>
     <g id="text_2">
      <text style="font-size: 6.94px; font-family: sans-serif; text-anchor: middle; fill: #ffffff" x="323.383857" y="80.405404" transform="rotate(-0 323.383857 80.405404)">45°</text>
     </g>
    </g>
    <g id="xtick_3">
     <g id="line2d_3">
      <path d="M 195.878363 206.108125 
L 362.198363 206.108125 
" clip-path="url(#p73c5d50bfb)" style="fill: none; stroke-dasharray: 0.4,0.66; stroke-dashoffset: 0; stroke: #ffffff; stroke-opacity: 0.7; stroke-width: 0.4"/>
     </g>
     <g id="text_3">
      <text style="font-size: 6.94px; font-family: sans-serif; text-anchor: middle; fill: #ffffff" x="376.198363" y="207.910898" transform="rotate(-0 376.198363 207.910898)">90°</text>
     </g>
    </g>
    <g id="xtick_4">
     <g id="line2d_4">
      <path d="M 195.878363 206.108125 
L 313.484362 323.714125 
" clip-path="url(#p73c5d50bfb)" style="fill: none; stroke-dasharray: 0.4,0.66; stroke-dashoffset: 0; stroke: #ffffff; stroke-opacity: 0.7; stroke-width: 0.4"/>
     </g>
     <g id="text_4">
      <text style="font-size: 6.94px; font-family: sans-serif; text-anchor: middle; fill: #ffffff" x="323.383857" y="335.416393" transform="rotate(-0 323.383857 335.416393)">135°</text>
     </g>
    </g>
    <g id="xtick_5">
     <g id="line2d_5">
      <path d="M 195.878363 206.108125 
L 195.878363 372.428125 
" clip-path="url(#p73c5d50bfb)" style="fill: none; stroke-dasharray: 0.4,0.66; stroke-dashoffset: 0; stroke: #ffffff; stroke-opacity: 0.7; stroke-width: 0.4"/>
     </g>
     <g id="text_5">
      <text style="font-size: 6.94px; font-family: sans-serif; text-anchor: middle; fill: #ffffff" x="195.878363" y="388.230898" transform="rotate(-0 195.878363 388.230898)">180°</text>
     </g>
    </g>
    <g id="xtick_6">
     <g id="line2d_6">
      <path d="M 195.878363 206.108125 
L 78.272363 323.714125 
" clip-path="url(#p73c5d50bfb)" style="fill: none; stroke-dasharray: 0.4,0.66; stroke-dashoffset: 0; stroke: #ffffff; stroke-opacity: 0.7; stroke-width: 0.4"/>
     </g>
     <g id="text_6">
      <text style="font-size: 6.94px; font-family: sans-serif; text-anchor: middle; fill: #ffffff" x="68.372868" y="335.416393" transform="rotate(-0 68.372868 335.416393)">225°</text>
     </g>
    </g>
    <g id="xtick_7">
     <g id="line2d_7">
      <path d="M 195.878363 206.108125 
L 29.558363 206.108125 
" clip-path="url(#p73c5d50bfb)" style="fill: none; stroke-dasharray: 0.4,0.66; stroke-dashoffset: 0; stroke: #ffffff; stroke-opacity: 0.7; stroke-width: 0.4"/>
     </g>
     <g id="text_7">
      <text style="font-size: 6.94px; font-family: sans-serif; text-anchor: middle; fill: #ffffff" x="15.558363" y="207.910898" transform="rotate(-0 15.558363 207.910898)">270°</text>
     </g>
    </g>
    <g id="xtick_8">
     <g id="line2d_8">
      <path d="M 195.878363 206.108125 
L 78.272363 88.502125 
" clip-path="url(#p73c5d50bfb)" style="fill: none; stroke-dasharray: 0.4,0.66; stroke-dashoffset: 0; stroke: #ffffff; stroke-opacity: 0.7; stroke-width: 0.4"/>
     </g>
     <g id="text_8">
      <text style="font-size: 6.94px; font-family: sans-serif; text-anchor: middle; fill: #ffffff" x="68.372868" y="80.405404" transform="rotate(-0 68.372868 80.405404)">315°</text>
     </g>
    </g>
   </g>
   <g id="matplotlib.axis_2">
    <g id="ytick_1">
     <g id="line2d_9">
      <path d="M 195.878363 172.844125 
C 200.246551 172.844125 204.572264 173.704563 208.607944 175.376196 
C 212.643624 177.04783 216.310787 179.498149 219.399562 182.586925 
C 222.488338 185.675701 224.938658 189.342863 226.610291 193.378543 
C 228.281925 197.414223 229.142363 201.739937 229.142363 206.108125 
C 229.142363 210.476313 228.281925 214.802027 226.610291 218.837707 
C 224.938658 222.873387 222.488338 226.540549 219.399562 229.629325 
C 216.310787 232.718101 212.643624 235.16842 208.607944 236.840054 
C 204.572264 238.511687 200.246551 239.372125 195.878363 239.372125 
C 191.510174 239.372125 187.184461 238.511687 183.148781 236.840054 
C 179.113101 235.16842 175.445938 232.718101 172.357163 229.629325 
C 169.268387 226.540549 166.818067 222.873387 165.146434 218.837707 
C 163.4748 214.802027 162.614363 210.476313 162.614363 206.108125 
C 162.614363 201.739937 163.4748 197.414223 165.146434 193.378543 
C 166.818067 189.342863 169.268387 185.675701 172.357163 182.586925 
C 175.445938 179.498149 179.113101 177.04783 183.148781 175.376196 
C 187.184461 173.704563 191.510174 172.844125 195.878363 172.844125 
" clip-path="url(#p73c5d50bfb)" style="fill: none; stroke-dasharray: 0.4,0.66; stroke-dashoffset: 0; stroke: #ffffff; stroke-opacity: 0.7; stroke-width: 0.4"/>
     </g>
     <g id="text_9">
      <text style="font-size: 6.94px; font-family: sans-serif; text-anchor: start; fill: #ffffff" x="208.607944" y="173.70897" transform="rotate(-0 208.607944 173.70897)">-20</text>
     </g>
    </g>
    <g id="ytick_2">
     <g id="line2d_10">
      <path d="M 195.878363 139.580125 
C 204.614739 139.580125 213.266166 141.301001 221.337526 144.644267 
C 229.408886 147.987534 236.743211 152.888174 242.920762 159.065725 
C 249.098314 165.243276 253.998953 172.577602 257.34222 180.648962 
C 260.685487 188.720321 262.406363 197.371748 262.406363 206.108125 
C 262.406363 214.844502 260.685487 223.495929 257.34222 231.567288 
C 253.998953 239.638648 249.098314 246.972974 242.920762 253.150525 
C 236.743211 259.328076 229.408886 264.228716 221.337526 267.571983 
C 213.266166 270.915249 204.614739 272.636125 195.878363 272.636125 
C 187.141986 272.636125 178.490559 270.915249 170.419199 267.571983 
C 162.347839 264.228716 155.013514 259.328076 148.835963 253.150525 
C 142.658411 246.972974 137.757772 239.638648 134.414505 231.567288 
C 131.071238 223.495929 129.350363 214.844502 129.350363 206.108125 
C 129.350363 197.371748 131.071238 188.720321 134.414505 180.648962 
C 137.757772 172.577602 142.658411 165.243276 148.835963 159.065725 
C 155.013514 152.888174 162.347839 147.987534 170.419199 144.644267 
C 178.490559 141.301001 187.141986 139.580125 195.878363 139.580125 
" clip-path="url(#p73c5d50bfb)" style="fill: none; stroke-dasharray: 0.4,0.66; stroke-dashoffset: 0; stroke: #ffffff; stroke-opacity: 0.7; stroke-width: 0.4"/>
     </g>
    </g>
    <g id="ytick_3">
     <g id="line2d_11">
      <path d="M 195.878363 106.316125 
C 208.982928 106.316125 221.960068 108.897439 234.067108 113.912339 
C 246.174147 118.927239 257.175635 126.278198 266.441962 135.544525 
C 275.708289 144.810852 283.059249 155.81234 288.074149 167.91938 
C 293.089049 180.02642 295.670363 193.00356 295.670363 206.108125 
C 295.670363 219.21269 293.089049 232.18983 288.074149 244.29687 
C 283.059249 256.40391 275.708289 267.405398 266.441962 276.671725 
C 257.175635 285.938052 246.174147 293.289011 234.067108 298.303911 
C 221.960068 303.318811 208.982928 305.900125 195.878363 305.900125 
C 182.773797 305.900125 169.796657 303.318811 157.689617 298.303911 
C 145.582578 293.289011 134.58109 285.938052 125.314763 276.671725 
C 116.048436 267.405398 108.697476 256.40391 103.682576 244.29687 
C 98.667676 232.18983 96.086363 219.21269 96.086363 206.108125 
C 96.086363 193.00356 98.667676 180.02642 103.682576 167.91938 
C 108.697476 155.81234 116.048436 144.810852 125.314763 135.544525 
C 134.58109 126.278198 145.582578 118.927239 157.689617 113.912339 
C 169.796657 108.897439 182.773797 106.316125 195.878363 106.316125 
" clip-path="url(#p73c5d50bfb)" style="fill: none; stroke-dasharray: 0.4,0.66; stroke-dashoffset: 0; stroke: #ffffff; stroke-opacity: 0.7; stroke-width: 0.4"/>
     </g>
     <g id="text_10">
      <text style="font-size: 6.94px; font-family: sans-serif; text-anchor: start; fill: #ffffff" x="234.067108" y="112.245112" transform="rotate(-0 234.067108 112.245112)">-10</text>
     </g>
    </g>
    <g id="ytick_4">
     <g id="line2d_12">
      <path d="M 195.878363 73.052125 
C 213.351116 73.052125 230.65397 76.493877 246.796689 83.18041 
C 262.939409 89.866943 277.60806 99.668222 289.963162 112.023325 
C 302.318265 124.378428 312.119544 139.047079 318.806078 155.189798 
C 325.492611 171.332518 328.934363 188.635371 328.934363 206.108125 
C 328.934363 223.580879 325.492611 240.883732 318.806078 257.026452 
C 312.119544 273.169171 302.318265 287.837822 289.963162 300.192925 
C 277.60806 312.548028 262.939409 322.349307 246.796689 329.03584 
C 230.65397 335.722373 213.351116 339.164125 195.878363 339.164125 
C 178.405609 339.164125 161.102755 335.722373 144.960036 329.03584 
C 128.817316 322.349307 114.148665 312.548028 101.793563 300.192925 
C 89.43846 287.837822 79.637181 273.169171 72.950647 257.026452 
C 66.264114 240.883732 62.822363 223.580879 62.822363 206.108125 
C 62.822363 188.635371 66.264114 171.332518 72.950647 155.189798 
C 79.637181 139.047079 89.43846 124.378428 101.793563 112.023325 
C 114.148665 99.668222 128.817316 89.866943 144.960036 83.18041 
C 161.102755 76.493877 178.405609 73.052125 195.878363 73.052125 
" clip-path="url(#p73c5d50bfb)" style="fill: none; stroke-dasharray: 0.4,0.66; stroke-dashoffset: 0; stroke: #ffffff; stroke-opacity: 0.7; stroke-width: 0.4"/>
     </g>
    </g>
    <g id="ytick_5">
     <g id="line2d_13">
      <path d="M 195.878363 39.788125 
C 217.719305 39.788125 239.347871 44.090314 259.526271 52.448481 
C 279.704671 60.806648 298.040484 73.058247 313.484362 88.502125 
C 328.928241 103.946004 341.17984 122.281817 349.538006 142.460217 
C 357.896173 162.638616 362.198363 184.267183 362.198363 206.108125 
C 362.198363 227.949067 357.896173 249.577634 349.538006 269.756033 
C 341.17984 289.934433 328.928241 308.270246 313.484362 323.714125 
C 298.040484 339.158003 279.704671 351.409602 259.526271 359.767769 
C 239.347871 368.125936 217.719305 372.428125 195.878363 372.428125 
C 174.03742 372.428125 152.408854 368.125936 132.230454 359.767769 
C 112.052054 351.409602 93.716241 339.158003 78.272363 323.714125 
C 62.828484 308.270246 50.576885 289.934433 42.218719 269.756033 
C 33.860552 249.577634 29.558363 227.949067 29.558363 206.108125 
C 29.558363 184.267183 33.860552 162.638616 42.218719 142.460217 
C 50.576885 122.281817 62.828484 103.946004 78.272363 88.502125 
C 93.716241 73.058247 112.052054 60.806648 132.230454 52.448481 
C 152.408854 44.090314 174.03742 39.788125 195.878363 39.788125 
" clip-path="url(#p73c5d50bfb)" style="fill: none; stroke-dasharray: 0.4,0.66; stroke-dashoffset: 0; stroke: #ffffff; stroke-opacity: 0.7; stroke-width: 0.4"/>
     </g>
     <g id="text_11">
      <text style="font-size: 6.94px; font-family: sans-serif; text-anchor: start; fill: #ffffff" x="259.526271" y="50.781255" transform="rotate(-0 259.526271 50.781255)">0 dB</text>
     </g>
    </g>
   </g>
   <g id="line2d_14">
    <path d="M 195.878363 206.108125 
L 193.820607 209.89804 
L 190.822736 214.864727 
L 187.720067 219.421254 
L 184.523894 223.592473 
L 181.244895 227.399953 
L 177.8932 230.862578 
L 174.478461 233.997019 
L 171.009905 236.818112 
L 167.496371 239.339167 
L 163.946351 241.572216 
L 160.36802 243.528219 
L 156.769257 245.217231 
L 153.157672 246.648546 
L 149.540622 247.830814 
L 145.925221 248.772138 
L 142.318362 249.480158 
L 138.726718 249.962124 
L 135.15676 250.224952 
L 131.614756 250.275278 
L 128.106784 250.119502 
L 124.638735 249.763825 
L 121.216316 249.214278 
L 117.845054 248.476755 
L 114.530302 247.557032 
L 111.277238 246.460791 
L 108.090869 245.193635 
L 104.976029 243.761104 
L 101.937387 242.168687 
L 98.979441 240.421833 
L 96.106521 238.525962 
L 93.322791 236.486469 
L 89.756777 233.553033 
L 86.365424 230.386559 
L 83.157218 226.999754 
L 80.140118 223.405322 
L 77.321556 219.615967 
L 74.708434 215.644405 
L 72.307127 211.503362 
L 70.123478 207.205571 
L 68.162801 202.763775 
L 66.429879 198.190717 
L 64.928963 193.499132 
L 63.663777 188.701745 
L 62.637513 183.811254 
L 61.852838 178.840324 
L 61.31189 173.801573 
L 61.016287 168.707561 
L 60.967123 163.570775 
L 61.164977 158.403613 
L 61.609914 153.218377 
L 62.301493 148.027249 
L 63.238767 142.842283 
L 64.420294 137.675386 
L 65.844141 132.538302 
L 67.507892 127.4426 
L 69.408658 122.399654 
L 71.54308 117.42063 
L 73.907343 112.51647 
L 76.497186 107.697877 
L 79.307907 102.975298 
L 82.334382 98.358911 
L 85.57107 93.858609 
L 89.012029 89.483986 
L 92.650924 85.244324 
L 96.481049 81.148576 
L 100.495331 77.205356 
L 104.686352 73.422926 
L 109.046359 69.809182 
L 113.567283 66.371642 
L 118.240753 63.117436 
L 123.058111 60.053295 
L 128.010431 57.185541 
L 133.088536 54.520074 
L 138.283014 52.062369 
L 143.584239 49.817463 
L 148.982382 47.789949 
L 154.46744 45.983969 
L 160.029245 44.403206 
L 165.657489 43.050882 
L 171.34174 41.929748 
L 177.071463 41.042084 
L 182.836039 40.389695 
L 188.624786 39.973905 
L 194.426975 39.795558 
L 200.231853 39.855017 
L 206.028664 40.152161 
L 211.806664 40.686386 
L 217.555146 41.456608 
L 223.263455 42.461262 
L 228.921014 43.698306 
L 234.517335 45.165223 
L 240.042046 46.859026 
L 245.484908 48.776263 
L 250.835832 50.913019 
L 256.0849 53.264926 
L 261.222382 55.827169 
L 266.238757 58.594491 
L 271.124727 61.561203 
L 275.87124 64.721192 
L 280.469502 68.067931 
L 284.910996 71.594489 
L 289.187499 75.29354 
L 293.291099 79.157375 
L 297.214208 83.177914 
L 300.94958 87.346718 
L 304.490322 91.655 
L 307.829913 96.093643 
L 310.962213 100.653205 
L 313.881478 105.323943 
L 316.582374 110.095819 
L 319.059988 114.958517 
L 321.309835 119.901462 
L 323.327878 124.913829 
L 325.110527 129.984563 
L 326.654658 135.10239 
L 327.957617 140.255838 
L 329.017228 145.433248 
L 329.831804 150.622793 
L 330.400149 155.81249 
L 330.721568 160.990219 
L 330.795873 166.143738 
L 330.623385 171.260693 
L 330.20494 176.32864 
L 329.541894 181.335054 
L 328.636124 186.267345 
L 327.490033 191.112869 
L 326.10655 195.858944 
L 324.489133 200.492858 
L 322.641768 205.001878 
L 320.568974 209.373264 
L 318.275799 213.594273 
L 315.767821 217.652167 
L 313.051149 221.534215 
L 310.132422 225.227697 
L 307.018808 228.719904 
L 303.718 231.998131 
L 300.238222 235.049676 
L 296.588225 237.861823 
L 293.744581 239.806166 
L 290.814504 241.603294 
L 287.802268 243.247794 
L 284.712318 244.734228 
L 281.549263 246.057122 
L 278.317883 247.210953 
L 275.023127 248.190142 
L 271.670115 248.989036 
L 268.264143 249.60189 
L 264.810678 250.022853 
L 261.315369 250.245943 
L 257.784043 250.265018 
L 254.222716 250.073749 
L 250.637592 249.665583 
L 247.035073 249.033702 
L 243.421765 248.170974 
L 239.804485 247.069897 
L 236.190273 245.72253 
L 232.586404 244.120415 
L 229.0004 242.254486 
L 225.44005 240.114956 
L 221.913426 237.691183 
L 218.428913 234.971514 
L 214.995231 231.94309 
L 211.621471 228.591614 
L 208.317138 224.901065 
L 205.092199 220.853346 
L 201.957139 216.42784 
L 198.923039 211.600866 
L 196.001658 206.344973 
L 195.878363 206.108125 
L 195.878363 206.108125 
" clip-path="url(#p73c5d50bfb)" style="fill: none; stroke: #1f77b4; stroke-width: 1.3; stroke-linecap: square"/>
   </g>
   <g id="patch_3">
    <path d="M 195.878363 39.788125 
C 174.03742 39.788125 152.408854 44.090314 132.230454 52.448481 
C 112.052054 60.806648 93.716241 73.058247 78.272363 88.502125 
C 62.828484 103.946004 50.576885 122.281817 42.218719 142.460217 
C 33.860552 162.638616 29.558363 184.267183 29.558363 206.108125 
C 29.558363 227.949067 33.860552 249.577634 42.218719 269.756033 
C 50.576885 289.934433 62.828484 308.270246 78.272363 323.714125 
C 93.716241 339.158003 112.052054 351.409602 132.230454 359.767769 
C 152.408854 368.125936 174.03742 372.428125 195.878363 372.428125 
C 217.719305 372.428125 239.347871 368.125936 259.526271 359.767769 
C 279.704671 351.409602 298.040484 339.158003 313.484362 323.714125 
C 328.928241 308.270246 341.17984 289.934433 349.538006 269.756033 
C 357.896173 249.577634 362.198363 227.949067 362.198363 206.108125 
C 362.198363 184.267183 357.896173 162.638616 349.538006 142.460217 
C 341.17984 122.281817 328.928241 103.946004 313.484362 88.502125 
C 298.040484 73.058247 279.704671 60.806648 259.526271 52.448481 
C 239.347871 44.090314 217.719305 39.788125 195.878363 39.788125 
" style="fill: none; stroke: #ffffff; stroke-width: 0.8; stroke-linejoin: miter; stroke-linecap: square"/>
   </g>
   <g id="text_12">
    <text style="font-size: 12px; font-family: sans-serif; text-anchor: middle; fill: #ffffff" x="195.878363" y="16.318125" transform="rotate(-0 195.878363 16.318125)">Directional response at 1000 Hz</text>
   </g>
  </g>
 </g>
 <defs>
  <clipPath id="p73c5d50bfb">
   <path d="M 362.198363 206.108125 
C 362.198363 184.267183 357.896173 162.638616 349.538006 142.460217 
C 341.17984 122.281817 328.928241 103.946004 313.484362 88.502125 
C 298.040484 73.058247 279.704671 60.806648 259.526271 52.448481 
C 239.347871 44.090314 217.719305 39.788125 195.878363 39.788125 
C 174.03742 39.788125 152.408854 44.090314 132.230454 52.448481 
C 112.052054 60.806648 93.716241 73.058247 78.272363 88.502125 
C 62.828484 103.946004 50.576885 122.281817 42.218719 142.460217 
C 33.860552 162.638616 29.558363 184.267183 29.558363 206.108125 
C 29.558363 227.949067 33.860552 249.577634 42.218719 269.756033 
C 50.576885 289.934433 62.828484 308.270246 78.272363 323.714125 
C 93.716241 339.158003 112.052054 351.409602 132.230454 359.767769 
C 152.408854 368.125936 174.03742 372.428125 195.878363 372.428125 
C 217.719305 372.428125 239.347871 368.125936 259.526271 359.767769 
C 279.704671 351.409602 298.040484 339.158003 313.484362 323.714125 
C 328.928241 308.270246 341.17984 289.934433 349.538006 269.756033 
C 357.896173 249.577634 362.198363 227.949067 362.198363 206.108125 
M 195.878363 206.108125 
C 195.878363 206.108125 195.878363 206.108125 195.878363 206.108125 
C 195.878363 206.108125 195.878363 206.108125 195.878363 206.108125 
C 195.878363 206.108125 195.878363 206.108125 195.878363 206.108125 
C 195.878363 206.108125 195.878363 206.108125 195.878363 206.108125 
C 195.878363 206.108125 195.878363 206.108125 195.878363 206.108125 
C 195.878363 206.108125 195.878363 206.108125 195.878363 206.108125 
C 195.878363 206.108125 195.878363 206.108125 195.878363 206.108125 
C 195.878363 206.108125 195.878363 206.108125 195.878363 206.108125 
C 195.878363 206.108125 195.878363 206.108125 195.878363 206.108125 
C 195.878363 206.108125 195.878363 206.108125 195.878363 206.108125 
C 195.878363 206.108125 195.878363 206.108125 195.878363 206.108125 
C 195.878363 206.108125 195.878363 206.108125 195.878363 206.108125 
C 195.878363 206.108125 195.878363 206.108125 195.878363 206.108125 
C 195.878363 206.108125 195.878363 206.108125 195.878363 206.108125 
C 195.878363 206.108125 195.878363 206.108125 195.878363 206.108125 
C 195.878363 206.108125 195.878363 206.108125 195.878363 206.108125 
z
"/>
  </clipPath>
 </defs>
</svg>
